45990181000189
33372251006278
43996693000127
00609634000146
01156817000175
00348003011660
61600839000155
04329668000138
08998654000168
73845786000111
65591695000179
04202583000194
00088992000150
60463072000601
23167140000154
03905341000102
60831104000331
14675270000298
09267863000102
60879848000164
24579417000119
12549951000101
15724796000100
61701363000149
50046887000127
00157840000162
48539407002919
22311442000191
03376350000145
46068425000133
31565104002110
08654191000117
14466113000191
22279800000126
15401195000159
19574864000145
20500367000181
04556068000102
08354533000183
21114494000105
00920868000100
18870181000172
15519426000123
22156953000186
05588988000175
19155177000195
09030444000144
09461391000116
05411789000197
11416883000212
18885636000123
57515872000155
02641663000110
09441008000168
21935053000174
03132745000100
50046887000127
18870181000172
51885242000140
01940175000141
96499728000189
03809579000126
03376350000145
29287343000160
31565104002110
05359927000136
23125025000117
48197859000169
00000000000000
38733648005290
20684206000195
09289704000109
12081776000162
29654819000154
30697589000190
11971233000310
25370971000154
54995261000118
06176586000126
43818418000970
13992585000115
24917174000181
33434958000140
04913129000141
18178719000182
22272481000127
12564086000164
33050196000188
20831215000161
08580849000193
15757979000114
58514928003351
07778411000151
57743296001120
05352572000153
25281415000101
29653439000103
06645657000102
08401346000103
04202583000194
61701363000149
48539407002919
08998654000168
14466113000191
72949449000101
19574864000145
20500367000181
12375875000157
46041265000139
65426538000108
33621286000181
02332686000143
20686891000199
20640786000119
02677328000172
18141646000154
21542601000104
30697589000190
15179682002596
04214651000305
09344974000167
68059674000103
71631261000158
03582243000173
62823257027643
23741593000304
07228258000199
36752843000191
14846023000126
10658076000162
02328280000197
13625300000108
02837536000191
61064838011259
17246242000162
10792020000104
05364904000110
06980081000110
67994897000197
04337111000149
24264839000103
33060716000214
66558040000161
07339867000115
56990526000110
03435139000156
12877451000190
24984605000122
03319174000290
56495740000109
56990526000110
15193706000194
40504325000207
61064911000177
04213425000130
42310177003907
39969361000186
07098192000160
23029210000108
27068409000104
20136940000110
44589885000181
32568059000177
16404287029641
07526557000452
61068276000104
35855687000121
19604617000144
03901413000135
07668523000150
54625819002893
56998438000670
40997367000146